1 3 1
2 4 1
-1 -2 0
1 1 1
-2 -1 0
-10 -20 0
1 -10 0
1 10 1
-5 10 1
20 1 1
-6 1 0
1 3 1
2 4 1
-1 -2 0
1 1 1
-2 -1 0
-10 -20 0
1 -10 0
1 10 1
-5 10 1
20 1 1
-6 1 0
1 3 1
2 4 1
-1 -2 0
1 1 1
-2 -1 0
-10 -20 0
1 -10 0
1 10 1
-5 10 1
20 1 1
-6 1 0
1 3 1
2 4 1
-1 -2 0
1 1 1
-2 -1 0
-10 -20 0
1 -10 0
1 10 1
-5 10 1
20 1 1
-6 1 0
1 3 1
2 4 1
-1 -2 0
1 1 1
-2 -1 0
-10 -20 0
1 -10 0
1 10 1
-5 10 1
20 1 1
-6 1 0
1 3 1
2 4 1
-1 -2 0
1 1 1
-2 -1 0
-10 -20 0
1 -10 0
1 10 1
-5 10 1
20 1 1
-6 1 0
1 3 1
2 4 1
-1 -2 0
1 1 1
-2 -1 0
-10 -20 0
1 -10 0
1 10 1
-5 10 1
20 1 1
-6 1 0
