0 -11.07875186 1 0 1 1 0 0 8.381872214 0 0 0 1 0 0 0 0
1 39.92124814 1 1 1 1 0 0 -2.618127786 1 0 1 1 1 1 1 0
0 10.92124814 1 1 0 0 0 0 18.38187221 1 1 1 1 1 1 0 0
1 34.92124814 0 1 0 1 0 0 37.38187221 0 0 1 1 1 1 1 0
0 7.921248143 1 0 0 0 0 0 9.381872214 0 0 0 0 1 1 0 1
0 -11.07875186 1 1 0 0 0 0 23.38187221 0 0 1 1 0 0 0 0
0 -9.078751857 1 1 1 0 1 0 2.381872214 0 1 1 1 1 1 0 0
0 2.921248143 1 1 0 0 1 0 -9.618127786 0 0 1 1 1 1 0 0
0 3.921248143 1 0 1 1 0 0 -0.618127786 0 0 0 0 1 1 0 0
0 13.92124814 0 1 0 0 1 0 13.38187221 0 0 1 1 1 1 0 0
1 39.92124814 1 0 1 0 0 0 -4.618127786 1 0 0 0 1 1 0 1
0 -4.078751857 1 0 1 0 1 0 33.38187221 0 0 0 0 1 1 0 0
0 -25.07875186 0 0 0 0 0 0 -11.61812779 0 0 0 0 1 1 0 0
0 -13.07875186 0 0 0 0 0 0 -15.61812779 0 0 0 0 1 1 0 0
0 3.921248143 0 1 0 0 0 0 6.381872214 0 0 1 1 0 0 0 0
0 -33.07875186 0 1 0 0 0 1 34.38187221 1 1 0 1 0 1 0 0
1 39.92124814 0 0 0 0 0 0 -8.618127786 0 0 0 1 1 1 1 0
1 33.92124814 1 1 0 0 0 0 -17.61812779 0 1 1 1 1 1 0 0
1 24.92124814 1 1 0 1 0 0 -11.61812779 1 0 0 0 1 1 1 1
0 -23.07875186 1 0 0 0 0 0 4.381872214 0 0 0 0 1 1 0 0
0 6.921248143 1 1 0 0 0 0 28.38187221 1 0 1 1 1 1 0 1
0 -31.07875186 1 0 0 0 0 0 -2.618127786 0 1 0 1 1 1 0 0
0 39.92124814 0 0 0 0 0 0 -5.618127786 0 1 0 1 1 1 0 0
1 9.921248143 1 1 1 0 0 0 2.381872214 1 1 1 1 1 1 0 1
0 -14.07875186 1 0 1 0 0 0 -15.61812779 0 0 0 0 1 1 0 0
1 39.92124814 1 0 1 1 0 0 -1.618127786 0 0 1 1 0 1 0 0
0 -12.07875186 0 0 1 1 0 0 -15.61812779 0 0 0 0 0 1 0 0
0 2.921248143 0 0 0 0 1 0 15.38187221 0 0 1 1 1 1 0 0
0 -23.07875186 1 0 0 0 0 0 -12.61812779 0 0 0 0 1 1 0 0
0 10.92124814 1 1 0 0 0 0 -1.618127786 0 0 1 1 1 1 1 0
0 14.92124814 1 1 0 1 0 0 -10.61812779 1 1 1 1 0 1 0 1
0 10.92124814 0 0 0 0 0 0 -0.618127786 0 1 0 1 1 1 0 0
1 39.92124814 0 1 0 1 0 0 18.38187221 1 0 1 1 1 1 0 1
0 -31.07875186 1 0 0 0 0 0 -16.61812779 0 1 0 1 1 1 0 0
0 -2.078751857 1 1 0 0 0 0 25.38187221 0 0 0 1 0 1 1 0
0 -9.078751857 0 0 0 0 0 0 15.38187221 0 0 0 0 1 1 0 0
1 39.92124814 0 0 0 1 0 0 -5.618127786 1 0 1 1 1 1 0 0
0 -2.078751857 1 1 1 1 0 0 -2.618127786 0 0 1 1 1 1 0 0
0 -31.07875186 1 0 0 0 0 0 -17.61812779 0 0 0 0 1 1 0 0
0 13.92124814 0 1 0 0 0 0 -7.618127786 1 1 1 1 1 1 0 0
0 -14.07875186 1 1 0 0 0 0 2.381872214 1 1 0 0 0 1 0 0
0 -15.07875186 0 0 0 0 0 0 -16.61812779 0 0 1 1 0 1 0 0
0 -20.07875186 0 1 0 0 0 0 -14.61812779 1 0 0 0 1 1 0 0
0 -10.07875186 0 0 0 1 0 0 5.381872214 0 0 0 0 0 1 0 0
0 4.921248143 0 1 1 0 1 0 -4.618127786 0 0 1 1 1 1 0 0
1 39.92124814 1 1 1 1 0 0 -5.618127786 1 0 1 1 1 1 0 0
0 -2.078751857 1 1 0 0 0 0 2.381872214 1 0 1 1 0 1 0 0
0 -25.07875186 0 0 1 0 0 1 -17.61812779 0 0 0 0 1 1 0 0
0 -15.07875186 1 0 0 0 0 0 11.38187221 0 0 0 0 0 1 0 0
0 -33.07875186 1 0 0 0 0 0 -3.618127786 0 0 0 1 0 0 0 0
0 7.921248143 0 0 1 1 0 0 -17.61812779 0 0 0 0 1 1 0 0
0 -24.07875186 1 0 1 0 0 0 -17.61812779 0 0 0 0 0 1 1 0
0 -17.07875186 0 0 0 0 0 0 6.381872214 0 0 0 0 1 1 0 0
0 -28.07875186 1 0 0 0 0 0 -7.618127786 0 1 0 1 1 1 0 0
1 39.92124814 1 1 0 1 0 0 0.381872214 0 1 1 1 1 1 0 0
0 -33.07875186 1 0 0 0 0 0 -15.61812779 0 0 0 0 1 1 0 0
0 -28.07875186 1 0 0 0 0 0 -4.618127786 0 1 0 1 1 1 0 0
0 -35.07875186 1 0 0 0 0 0 14.38187221 0 1 0 1 0 1 0 0
1 11.92124814 1 1 1 1 0 0 -10.61812779 1 1 1 1 1 1 0 0
0 -15.07875186 1 0 0 1 0 0 -14.61812779 0 0 0 0 1 1 0 0
1 39.92124814 1 1 0 0 0 0 -8.618127786 1 0 1 1 1 1 0 0
1 25.92124814 1 1 1 1 0 0 33.38187221 1 0 1 1 0 1 0 0
0 -5.078751857 0 0 0 0 0 0 -3.618127786 0 1 0 1 0 1 0 0
0 -29.07875186 1 0 0 0 0 0 0.381872214 0 1 1 1 1 1 0 0
0 -13.07875186 0 0 0 1 0 0 6.381872214 0 0 0 1 0 1 0 0
0 3.921248143 0 0 0 0 0 0 -17.61812779 0 0 0 1 1 1 0 0
0 -9.078751857 1 0 0 0 0 0 6.381872214 0 0 0 0 1 1 0 1
0 -13.07875186 1 0 1 1 0 0 -17.61812779 0 0 0 1 0 1 0 0
0 10.92124814 0 0 0 0 0 0 -16.61812779 0 1 0 0 0 1 0 1
0 3.921248143 1 1 1 0 0 0 27.38187221 1 1 1 1 0 1 0 0
0 13.92124814 0 0 0 0 0 0 0.381872214 0 0 0 1 1 1 1 0
0 -30.07875186 1 1 0 0 0 0 0.381872214 0 1 0 1 0 1 0 0
0 -26.07875186 0 0 1 0 0 0 -4.618127786 0 0 0 0 0 1 0 0
0 39.92124814 0 0 0 0 0 0 -13.61812779 0 1 0 1 0 0 0 0
0 -26.07875186 0 0 0 0 0 0 -13.61812779 0 1 0 1 0 0 0 0
0 7.921248143 1 0 0 1 0 0 7.381872214 0 0 0 1 1 1 0 1
0 -5.078751857 1 1 0 0 0 0 -16.61812779 0 1 1 1 0 1 0 0
0 -22.07875186 0 0 0 0 0 0 2.381872214 0 0 0 0 1 1 0 0
0 -32.07875186 1 0 0 0 0 1 -8.618127786 0 1 0 1 0 0 0 0
0 -7.078751857 0 0 0 0 0 0 8.381872214 0 0 0 1 0 1 0 0
0 8.921248143 0 0 0 1 0 0 -15.61812779 0 0 0 0 1 1 0 0
1 33.92124814 1 1 1 1 0 0 8.381872214 1 0 0 0 1 1 0 0
0 -32.07875186 0 0 1 0 0 0 -14.61812779 0 0 0 0 0 0 0 0
0 -28.07875186 0 0 0 0 0 0 -1.618127786 0 1 0 1 0 1 0 0
0 -3.078751857 0 1 0 1 0 0 -3.618127786 1 0 1 1 1 1 0 0
0 -14.07875186 0 0 0 0 0 0 15.38187221 0 0 0 0 1 1 0 0
1 39.92124814 1 1 0 0 0 0 42.38187221 0 0 1 0 1 1 0 0
0 -16.07875186 0 0 0 0 0 0 -15.61812779 0 0 0 0 1 1 0 0
0 6.921248143 0 0 1 1 0 0 17.38187221 0 0 0 0 0 0 0 0
0 -20.07875186 0 0 1 1 0 0 8.381872214 0 0 0 0 0 1 0 0
0 -29.07875186 0 0 0 0 0 0 1.381872214 0 0 1 1 1 1 0 0
1 37.92124814 0 0 0 0 0 0 24.38187221 0 1 0 1 1 1 0 0
1 39.92124814 1 1 1 1 0 0 7.381872214 1 0 1 1 1 1 0 0
0 -10.07875186 1 0 0 0 0 0 10.38187221 0 1 0 0 1 1 0 0
0 -27.07875186 1 0 0 0 0 0 -5.618127786 0 1 0 1 1 1 0 0
1 39.92124814 0 1 1 1 0 0 7.381872214 1 0 1 1 1 1 0 0
0 8.921248143 1 1 0 0 0 0 18.38187221 1 1 1 0 0 1 0 0
0 -8.078751857 0 1 1 1 0 0 0.381872214 1 0 0 1 1 1 1 0
0 -28.07875186 0 0 0 0 0 0 -1.618127786 0 1 0 1 1 1 0 1
0 25.92124814 0 1 0 1 0 0 -12.61812779 1 1 0 0 1 1 1 0
0 34.92124814 0 1 0 0 1 0 39.38187221 0 0 1 1 1 1 0 0
1 34.92124814 0 1 0 1 0 0 -9.618127786 0 1 0 1 1 1 0 0
0 -34.07875186 1 0 0 0 0 0 -2.618127786 0 1 0 1 1 1 0 0
0 -13.07875186 1 0 1 1 0 0 -13.61812779 0 0 0 0 1 1 0 0
0 -12.07875186 1 0 0 1 0 0 15.38187221 0 0 0 0 1 1 0 0
1 25.92124814 1 1 0 0 0 0 10.38187221 1 0 1 1 1 1 1 0
0 39.92124814 0 0 1 1 0 0 10.38187221 0 0 0 1 0 0 0 0
0 10.92124814 1 0 1 1 0 0 18.38187221 0 0 1 1 1 1 0 0
0 13.92124814 0 0 1 0 0 0 0.381872214 0 0 1 1 0 1 0 0
0 -12.07875186 0 0 1 1 0 0 -11.61812779 0 0 0 0 1 1 0 0
1 23.92124814 1 1 1 1 0 0 23.38187221 1 1 1 1 1 1 0 1
0 -5.078751857 1 0 0 0 0 0 -17.61812779 0 0 0 0 0 1 0 0
0 2.921248143 0 1 0 0 1 0 -16.61812779 0 0 1 1 1 1 0 0
0 -26.07875186 1 0 0 0 0 0 -14.61812779 0 1 0 1 1 1 0 0
0 -14.07875186 1 1 0 1 0 0 34.38187221 1 0 0 1 0 1 0 0
0 13.92124814 1 0 0 1 0 0 6.381872214 0 0 1 0 1 1 0 0
0 25.92124814 1 1 1 1 0 0 15.38187221 1 0 1 1 0 1 0 0
0 -21.07875186 1 0 0 0 1 0 26.38187221 0 0 1 1 1 1 0 1
1 39.92124814 0 1 1 1 0 0 27.38187221 1 1 1 1 1 1 0 0
0 4.921248143 0 1 0 0 0 0 -4.618127786 0 0 1 1 1 1 0 0
1 23.92124814 1 1 0 1 0 0 6.381872214 1 0 1 1 1 1 0 0
1 39.92124814 1 1 1 1 0 0 -6.618127786 1 1 1 1 1 1 1 0
1 21.92124814 1 1 1 1 0 0 3.381872214 1 0 0 0 1 1 0 0
0 -12.07875186 0 1 0 0 0 0 -5.618127786 0 1 0 1 0 0 0 0
1 37.92124814 1 1 0 0 1 0 7.381872214 0 0 1 1 1 1 0 0
0 7.921248143 1 0 1 1 0 0 18.38187221 0 0 0 0 1 1 0 1
0 -5.078751857 1 0 0 0 0 0 17.38187221 0 0 0 0 1 1 0 0
1 39.92124814 0 0 1 1 0 0 -8.618127786 0 0 0 0 1 1 0 0
1 39.92124814 1 0 1 1 0 0 -14.61812779 1 0 0 0 1 1 0 0
0 5.921248143 0 1 0 1 0 0 -2.618127786 0 1 1 1 1 1 0 0
0 -29.07875186 1 0 0 0 0 0 -15.61812779 0 0 0 0 1 1 1 0
1 39.92124814 1 0 1 1 0 0 33.38187221 0 1 0 1 1 1 0 0
0 0.921248143 1 1 0 0 0 0 -14.61812779 1 1 0 1 1 1 0 0
1 39.92124814 0 1 1 1 0 0 -6.618127786 1 0 1 1 1 1 0 0
0 -9.078751857 0 0 0 1 0 0 2.381872214 0 0 0 0 1 1 0 0
0 -2.078751857 0 0 0 1 0 0 -16.61812779 0 0 1 1 0 1 0 0
0 1.921248143 1 0 1 1 0 0 -9.618127786 0 0 0 0 1 1 0 0
0 -16.07875186 1 0 0 1 0 0 -6.618127786 0 0 0 0 1 1 0 0
0 -16.07875186 0 0 0 0 0 0 1.381872214 0 0 0 0 1 1 1 0
0 -35.07875186 0 0 1 0 0 0 -15.61812779 1 0 0 0 1 1 0 0
0 14.92124814 0 0 1 1 0 0 12.38187221 0 0 1 1 0 0 0 0
0 12.92124814 0 1 0 0 0 0 4.381872214 1 1 1 1 0 0 0 0
0 39.92124814 0 1 0 0 1 0 -3.618127786 0 0 1 1 1 1 0 0
0 -33.07875186 1 0 0 0 1 0 -15.61812779 0 0 1 0 1 1 0 0
0 -25.07875186 1 0 0 0 1 0 -9.618127786 0 0 0 0 1 1 0 0
0 13.92124814 0 0 0 1 0 0 0.381872214 0 0 0 0 1 1 0 0
0 -9.078751857 0 0 1 1 0 0 -14.61812779 0 0 0 0 1 1 0 0
0 -29.07875186 1 0 0 0 0 1 -17.61812779 0 1 0 0 1 1 0 0
0 -3.078751857 0 1 0 0 0 0 6.381872214 1 0 1 1 1 1 0 0
0 13.92124814 1 1 0 0 0 0 3.381872214 1 0 1 1 1 1 0 0
0 -2.078751857 1 1 1 0 0 0 9.381872214 0 1 1 1 1 1 0 0
0 25.92124814 0 0 1 0 0 0 -16.61812779 0 0 0 0 1 1 0 1
0 -29.07875186 1 0 0 0 0 0 0.381872214 0 1 0 1 1 1 0 0
0 -25.07875186 1 0 0 0 0 1 2.381872214 0 1 0 1 1 1 0 0
0 -33.07875186 1 0 0 0 0 0 -17.61812779 0 0 0 1 1 1 1 0
0 25.92124814 0 0 0 1 0 0 -0.618127786 0 0 0 0 1 1 0 0
0 -4.078751857 0 0 0 0 0 0 -7.618127786 0 0 0 1 0 1 0 0
0 -22.07875186 1 0 0 0 0 0 -2.618127786 0 1 0 1 1 1 0 0
0 -29.07875186 1 0 0 0 0 0 -2.618127786 0 1 0 1 1 1 0 0
0 -20.07875186 0 0 0 0 0 0 -9.618127786 0 1 0 1 0 1 0 0
0 -32.07875186 0 0 0 0 0 0 -1.618127786 0 1 0 1 1 1 0 0
0 -20.07875186 1 0 0 0 0 0 15.38187221 0 0 0 0 0 1 0 0
0 -8.078751857 1 0 1 1 0 0 0.381872214 0 0 0 0 0 1 0 0
1 39.92124814 0 0 0 0 0 0 -8.618127786 0 0 0 1 1 1 1 0
1 33.92124814 1 1 0 0 0 0 -17.61812779 0 1 1 1 1 1 0 0
1 24.92124814 1 1 0 1 0 0 -11.61812779 1 0 0 0 1 1 1 1
0 -33.07875186 0 0 0 0 0 0 -12.61812779 0 0 0 0 0 0 0 0
0 1.921248143 0 0 0 0 0 0 1.381872214 0 1 0 0 0 1 0 0
0 18.92124814 0 1 1 1 0 0 19.38187221 0 0 1 1 1 1 0 0
1 39.92124814 0 0 0 0 0 0 -8.618127786 0 0 0 1 1 1 1 0
1 33.92124814 1 1 0 0 0 0 -17.61812779 0 1 1 1 1 1 0 0
1 24.92124814 1 1 0 1 0 0 -11.61812779 1 0 0 0 1 1 1 1
0 -35.07875186 1 0 0 0 0 0 -0.618127786 0 1 0 1 1 1 1 0
0 -1.078751857 1 1 0 0 0 0 9.381872214 1 0 0 1 1 1 0 0
0 12.92124814 0 0 0 0 0 0 -2.618127786 0 0 0 0 0 1 0 0
0 -7.078751857 0 0 0 0 0 0 -6.618127786 0 1 0 1 0 0 0 0
0 -34.07875186 1 0 0 0 0 1 -2.618127786 0 1 0 1 0 0 0 0
0 -2.078751857 0 0 1 1 0 0 6.381872214 0 0 0 1 1 1 0 0
0 -16.07875186 1 1 0 0 1 0 -3.618127786 0 0 1 1 1 1 0 0
0 -11.07875186 1 0 0 0 0 0 13.38187221 0 0 0 0 0 1 0 0
0 -10.07875186 0 0 0 0 0 0 12.38187221 0 0 0 1 1 1 0 0
0 12.92124814 0 0 1 1 0 0 -8.618127786 0 0 1 1 0 1 0 0
1 39.92124814 1 0 0 0 1 0 39.38187221 0 0 1 0 1 1 0 0
1 22.92124814 1 1 1 0 0 0 -9.618127786 1 0 1 1 1 1 0 1
0 -34.07875186 0 0 0 0 0 0 -15.61812779 0 0 0 1 1 1 0 0
0 -35.07875186 1 0 0 0 0 0 -3.618127786 0 1 0 1 1 1 0 0
1 31.92124814 1 1 0 0 0 0 5.381872214 1 0 1 1 1 1 0 0
0 -28.07875186 1 0 1 0 0 0 -13.61812779 0 0 0 0 1 1 0 0
0 -28.07875186 1 0 0 0 0 0 -1.618127786 0 0 0 1 1 1 0 1
1 39.92124814 0 1 1 0 0 0 -12.61812779 1 0 1 1 1 1 0 1
0 17.92124814 1 1 0 0 0 0 -0.618127786 1 0 1 1 1 1 0 0
0 -26.07875186 1 0 0 0 0 0 -4.618127786 0 0 0 1 0 0 0 0
0 8.921248143 1 0 0 1 0 0 -10.61812779 0 0 0 1 1 1 0 0
1 39.92124814 1 0 0 0 0 0 -14.61812779 0 0 0 0 1 1 0 0
0 0.921248143 0 1 0 0 0 0 19.38187221 1 0 1 1 1 1 0 0
0 -32.07875186 0 0 1 0 0 0 45.38187221 0 0 0 0 1 1 0 0
0 -8.078751857 1 0 0 1 0 0 40.38187221 0 0 1 1 1 1 0 0
0 -27.07875186 1 0 0 0 0 0 -1.618127786 0 1 0 1 1 1 0 0
0 16.92124814 1 1 0 0 0 0 3.381872214 0 0 1 1 1 0 0 0
0 -1.078751857 0 1 0 1 0 0 9.381872214 0 1 0 1 1 1 0 0
0 -25.07875186 1 0 0 0 0 0 -3.618127786 0 1 0 1 0 1 0 0
0 -3.078751857 0 0 0 1 0 0 -5.618127786 0 0 0 0 1 1 0 0
0 -19.07875186 1 0 0 1 0 0 -17.61812779 1 0 0 0 0 1 0 0
0 -14.07875186 1 0 1 1 0 0 -14.61812779 0 0 0 0 1 1 0 0
0 13.92124814 1 0 1 1 0 0 -17.61812779 0 0 0 1 1 1 0 0
1 39.92124814 0 0 0 0 0 0 -16.61812779 0 1 1 1 1 0 0 1
0 -8.078751857 0 0 1 1 0 0 -15.61812779 0 0 0 0 1 1 0 0
0 -26.07875186 0 0 0 0 0 1 -14.61812779 0 0 0 0 0 0 0 0
0 -26.07875186 0 0 0 0 0 0 -12.61812779 0 0 0 0 0 0 0 0
1 13.92124814 1 1 0 0 0 0 7.381872214 1 1 1 1 0 1 0 0
0 12.92124814 1 0 0 1 0 0 -12.61812779 0 1 0 0 0 1 0 0
1 25.92124814 1 1 0 0 0 0 4.381872214 0 1 1 1 1 1 0 0
0 -20.07875186 0 1 0 0 1 0 2.381872214 0 0 1 1 1 1 0 0
0 -4.078751857 1 1 1 0 0 1 -1.618127786 1 0 1 1 1 1 0 0
0 -4.078751857 1 0 0 0 0 0 -2.618127786 0 0 0 1 1 1 0 0
0 -26.07875186 1 0 0 0 0 0 3.381872214 0 0 0 1 1 1 0 0
0 -25.07875186 1 0 0 0 0 1 0.381872214 0 0 0 1 1 1 0 0
0 -23.07875186 0 0 1 1 0 0 -9.618127786 0 0 0 0 1 1 0 0
1 39.92124814 0 0 0 0 0 0 -8.618127786 0 0 0 1 1 1 1 0
1 33.92124814 1 1 0 0 0 0 -17.61812779 0 1 1 1 1 1 0 0
1 24.92124814 1 1 0 1 0 0 -11.61812779 1 0 0 0 1 1 1 1
0 -28.07875186 1 0 0 0 0 0 -7.618127786 0 0 0 0 1 1 0 0
0 -12.07875186 0 0 1 0 0 0 -13.61812779 0 0 0 0 1 1 0 1
0 -7.078751857 0 0 0 0 0 0 15.38187221 0 0 0 1 0 0 0 0
0 -25.07875186 1 0 0 0 0 0 -16.61812779 0 1 0 0 1 1 0 0
0 2.921248143 1 1 0 0 0 0 38.38187221 0 1 1 1 0 1 0 0
1 31.92124814 1 0 0 0 0 0 -8.618127786 0 1 0 1 1 1 0 0
0 2.921248143 1 0 1 1 0 0 -15.61812779 0 0 1 1 1 1 0 0
0 -28.07875186 0 0 0 0 0 0 -12.61812779 0 1 0 1 0 1 0 0
0 -17.07875186 0 0 0 0 0 0 -9.618127786 0 0 0 1 1 1 1 0
0 14.92124814 0 0 0 0 0 0 16.38187221 0 1 1 1 0 1 0 0
0 -12.07875186 0 0 0 0 0 0 -16.61812779 0 0 0 0 1 1 0 0
0 -29.07875186 0 0 0 0 0 0 3.381872214 0 1 0 1 1 1 0 0
1 39.92124814 1 1 1 1 0 0 28.38187221 1 0 1 1 1 1 0 0
0 5.921248143 0 1 0 0 0 0 -15.61812779 1 0 0 0 0 0 0 0
0 12.92124814 1 1 0 0 0 0 5.381872214 1 0 1 1 1 1 0 0
0 18.92124814 1 0 0 0 0 0 18.38187221 0 1 0 1 1 1 0 0
0 5.921248143 1 1 0 0 0 0 -1.618127786 0 0 1 1 1 1 0 0
0 -5.078751857 1 0 0 0 1 0 -14.61812779 0 0 1 0 0 1 1 0
1 39.92124814 1 0 0 1 0 0 25.38187221 0 0 1 1 1 1 0 1
0 -8.078751857 1 0 0 0 0 0 -13.61812779 0 0 0 0 1 1 0 0
0 9.921248143 1 1 0 0 0 0 9.381872214 1 1 0 1 1 1 0 0
0 -33.07875186 0 0 0 0 0 0 1.381872214 1 0 0 0 0 1 0 0
0 -15.07875186 1 0 0 0 1 0 35.38187221 0 0 0 0 1 1 0 0
0 -31.07875186 0 0 0 0 0 0 -2.618127786 0 1 0 1 1 1 0 0
1 38.92124814 1 0 0 1 0 0 4.381872214 1 0 0 0 1 1 1 0
0 -33.07875186 1 0 1 0 0 0 9.381872214 1 0 0 0 1 1 0 0
0 13.92124814 1 0 0 1 0 0 -16.61812779 0 0 0 1 1 1 1 0
1 39.92124814 1 1 1 0 0 0 -16.61812779 0 0 1 1 1 1 0 0
0 -20.07875186 1 0 0 0 0 0 -8.618127786 0 1 0 0 1 1 0 0
0 -1.078751857 0 0 0 0 0 0 5.381872214 0 1 0 1 0 0 0 0
0 39.92124814 0 1 1 1 0 0 28.38187221 1 1 1 1 0 0 0 0
0 13.92124814 1 1 0 0 0 0 9.381872214 1 1 1 1 1 1 0 0
0 13.92124814 0 1 0 1 0 0 9.381872214 0 0 1 1 1 1 0 0
0 18.92124814 1 1 1 1 0 0 -0.618127786 1 0 1 0 1 1 0 0
0 -0.078751857 1 1 1 0 0 0 7.381872214 1 0 1 1 1 1 0 0
1 39.92124814 0 1 0 1 0 0 0.381872214 1 1 1 1 1 1 0 0
1 39.92124814 1 0 1 1 0 0 -0.618127786 0 0 1 1 1 1 0 0
0 -25.07875186 1 0 0 0 0 0 -13.61812779 0 0 0 0 0 1 0 0
1 39.92124814 1 1 1 1 0 0 -12.61812779 1 0 1 0 1 1 1 1
0 -22.07875186 1 0 0 0 0 0 16.38187221 0 0 0 0 1 1 0 0
0 24.92124814 1 1 1 1 0 0 -15.61812779 1 0 1 1 1 1 0 0
0 -31.07875186 1 0 0 0 0 0 -1.618127786 0 1 0 1 0 1 0 0
1 39.92124814 0 0 0 1 0 0 -13.61812779 0 1 0 1 0 1 1 0
0 10.92124814 0 1 1 0 0 0 -10.61812779 1 1 0 0 1 1 0 0
1 39.92124814 0 0 1 1 0 0 -0.618127786 0 0 1 1 1 1 0 1
0 -18.07875186 0 0 0 0 0 0 5.381872214 0 0 0 0 1 1 0 0
1 33.92124814 0 0 1 1 0 0 3.381872214 0 0 1 1 1 1 0 0
0 -25.07875186 0 0 0 0 0 1 -2.618127786 0 1 0 1 1 1 0 0
1 39.92124814 0 1 1 1 0 0 -15.61812779 1 0 0 1 1 1 0 0
0 -30.07875186 1 0 0 0 0 0 -10.61812779 0 1 0 1 1 1 0 0
0 0.921248143 0 0 0 0 0 0 5.381872214 0 0 0 1 1 1 0 0
0 4.921248143 0 0 1 0 0 0 11.38187221 0 0 0 0 0 0 0 0
0 8.921248143 1 1 0 0 0 0 -7.618127786 1 1 1 1 0 1 0 0
0 -16.07875186 0 0 1 0 0 0 -14.61812779 0 0 0 0 1 1 0 0
0 -8.078751857 0 0 1 0 0 0 -14.61812779 0 0 1 1 0 0 0 1
0 -33.07875186 0 0 0 0 0 0 -2.618127786 0 1 0 1 1 1 0 0
0 -10.07875186 1 0 0 0 0 0 -12.61812779 0 1 0 1 0 0 0 0
0 -14.07875186 1 0 0 1 0 0 -9.618127786 0 0 1 1 1 1 0 0
1 39.92124814 0 0 0 0 0 0 -8.618127786 0 0 0 1 1 1 1 0
1 33.92124814 1 1 0 0 0 0 -17.61812779 0 1 1 1 1 1 0 0
1 24.92124814 1 1 0 1 0 0 -11.61812779 1 0 0 0 1 1 1 1
0 -33.07875186 1 0 0 0 0 0 -0.618127786 0 1 0 1 0 1 0 0
0 -10.07875186 1 1 0 0 0 0 7.381872214 1 1 0 0 1 1 0 0
0 38.92124814 0 0 0 0 0 0 2.381872214 0 1 0 1 0 1 0 0
0 -16.07875186 1 0 0 0 0 0 -12.61812779 0 0 0 0 1 1 0 0
0 -3.078751857 1 1 0 0 0 0 -1.618127786 0 0 1 1 1 1 0 0
0 -17.07875186 0 0 0 0 0 0 14.38187221 0 0 0 0 1 1 0 0
0 -26.07875186 1 0 0 0 0 0 -16.61812779 0 0 0 1 1 1 0 0
0 2.921248143 1 1 0 0 0 0 25.38187221 1 0 1 1 1 1 0 0
1 39.92124814 1 1 1 1 0 0 6.381872214 1 1 1 1 1 1 0 0
0 -34.07875186 1 0 0 0 0 0 -3.618127786 0 1 0 1 1 1 0 0
0 -12.07875186 1 0 0 0 0 0 -1.618127786 0 0 1 1 1 1 0 0
0 -34.07875186 0 0 0 0 0 0 -1.618127786 0 1 0 0 0 1 0 0
0 -28.07875186 0 0 0 0 0 0 -12.61812779 0 1 0 1 0 1 0 0
0 -25.07875186 1 0 0 0 1 0 4.381872214 0 0 0 0 1 1 0 0
1 39.92124814 0 1 1 1 0 0 -10.61812779 1 1 1 1 1 1 0 1
0 -33.07875186 0 0 0 0 0 0 -1.618127786 0 1 0 1 0 1 1 0
1 39.92124814 0 1 1 1 0 0 8.381872214 1 0 1 1 1 1 0 0
0 3.921248143 1 1 0 1 0 0 -7.618127786 1 0 1 1 1 1 0 0
1 34.92124814 1 1 1 1 0 0 0.381872214 1 1 1 1 1 1 0 0
0 29.92124814 1 0 0 0 0 0 6.381872214 0 1 0 1 0 1 0 0
0 -0.078751857 0 0 1 0 0 0 -16.61812779 0 0 0 0 0 1 0 0
1 39.92124814 0 1 1 1 0 0 31.38187221 1 1 1 1 1 1 0 0
0 13.92124814 1 1 1 1 0 0 -17.61812779 1 0 0 0 1 1 0 0
0 8.921248143 1 0 0 1 0 0 6.381872214 0 0 0 1 1 1 0 0
0 -17.07875186 0 0 0 0 0 0 -14.61812779 0 1 0 0 0 0 0 0
1 12.92124814 1 0 0 1 0 0 25.38187221 0 0 0 0 1 1 0 1
0 -31.07875186 1 0 0 0 0 0 -2.618127786 0 1 0 0 0 1 0 0
0 -33.07875186 1 0 0 0 0 0 -10.61812779 0 1 0 1 0 0 0 0
1 39.92124814 0 1 1 1 0 0 24.38187221 1 0 1 1 1 1 0 0
0 3.921248143 1 0 0 1 0 0 5.381872214 0 0 0 1 1 1 0 0
1 39.92124814 1 1 1 1 0 0 -6.618127786 1 0 1 1 0 0 1 0
0 -9.078751857 0 0 0 1 0 0 7.381872214 0 0 1 1 1 1 0 0
1 39.92124814 0 0 1 1 0 0 -11.61812779 1 0 0 0 1 1 0 1
0 -13.07875186 0 0 0 0 0 0 7.381872214 0 1 0 1 1 1 0 0
0 -28.07875186 1 1 0 0 1 0 10.38187221 0 1 0 1 0 1 0 0
1 32.92124814 1 1 0 0 0 0 12.38187221 1 0 1 1 0 0 0 0
0 9.921248143 0 1 0 1 0 0 -3.618127786 1 0 0 1 0 1 0 0
1 28.92124814 0 1 1 0 0 0 -7.618127786 1 0 1 1 1 1 1 0
0 -12.07875186 1 0 0 1 0 0 -16.61812779 0 0 0 0 1 1 0 0
1 39.92124814 1 0 1 1 0 0 25.38187221 0 1 1 1 1 1 0 0
0 -31.07875186 0 0 0 0 0 0 19.38187221 0 0 0 0 1 1 0 0
0 -17.07875186 1 0 0 1 0 0 20.38187221 0 0 0 1 0 1 0 0
1 39.92124814 0 0 0 0 0 0 -8.618127786 0 0 0 1 1 1 1 0
1 33.92124814 1 1 0 0 0 0 -17.61812779 0 1 1 1 1 1 0 0
1 24.92124814 1 1 0 1 0 0 -11.61812779 1 0 0 0 1 1 1 1
0 -1.078751857 0 0 0 0 0 0 -5.618127786 0 1 0 1 0 1 0 0
0 24.92124814 0 1 0 0 0 0 0.381872214 1 1 0 1 1 1 0 1
0 13.92124814 0 1 0 0 0 0 -6.618127786 1 0 1 1 1 1 0 0
0 32.92124814 0 1 0 1 0 0 16.38187221 0 0 1 1 1 1 0 0
0 5.921248143 0 0 1 0 0 1 -15.61812779 0 0 0 1 1 1 0 0
0 33.92124814 1 0 1 1 0 0 21.38187221 0 1 0 1 0 1 0 0
0 3.921248143 1 1 1 1 0 0 9.381872214 0 0 0 0 1 1 0 0
1 39.92124814 0 0 0 0 0 0 -8.618127786 0 0 0 1 1 1 1 0
1 33.92124814 1 1 0 0 0 0 -17.61812779 0 1 1 1 1 1 0 0
1 24.92124814 1 1 0 1 0 0 -11.61812779 1 0 0 0 1 1 1 1
0 -26.07875186 1 0 0 0 0 1 10.38187221 0 1 0 1 1 1 0 0
0 19.92124814 0 1 1 1 0 0 19.38187221 1 1 1 1 1 1 0 0
0 -7.078751857 1 0 0 0 0 0 18.38187221 0 1 0 0 1 1 0 0
0 -10.07875186 0 0 0 0 0 0 12.38187221 0 0 0 1 0 1 0 1
0 3.921248143 0 0 1 1 0 0 18.38187221 0 0 0 0 0 1 0 0
0 12.92124814 0 1 1 1 0 0 -10.61812779 1 0 0 0 1 1 0 0
0 -7.078751857 0 0 0 1 0 0 -6.618127786 0 0 0 1 1 1 0 0
0 -29.07875186 0 0 0 0 0 0 -2.618127786 0 1 0 1 0 1 1 0
0 15.92124814 1 1 0 0 0 0 -10.61812779 0 1 0 0 1 1 0 0
0 -27.07875186 0 0 0 0 0 0 -10.61812779 0 1 0 1 0 0 0 0
0 -16.07875186 1 0 0 0 0 1 -10.61812779 0 0 0 1 0 0 0 0
0 12.92124814 0 1 0 0 0 0 -11.61812779 1 1 1 1 0 0 0 0
0 3.921248143 0 0 1 1 0 0 -2.618127786 0 0 0 0 0 1 1 0
0 -5.078751857 0 1 1 0 0 0 -3.618127786 1 0 0 0 1 1 0 1
1 30.92124814 0 0 1 1 0 0 -9.618127786 0 0 0 0 1 1 0 0
1 13.92124814 1 1 1 0 0 0 24.38187221 0 1 1 1 1 1 0 0
0 -13.07875186 0 0 0 0 0 0 -2.618127786 0 0 0 1 1 1 0 0
0 13.92124814 1 1 0 0 0 0 25.38187221 0 1 1 1 1 1 0 0
0 -33.07875186 0 0 1 0 0 0 -14.61812779 0 0 0 0 1 1 0 0
1 39.92124814 0 1 0 1 0 0 18.38187221 1 1 1 1 1 1 0 0
0 -25.07875186 1 1 0 0 0 0 -14.61812779 0 1 0 0 1 1 0 0
0 -11.07875186 0 0 1 0 0 0 -13.61812779 0 0 0 0 0 1 0 1
0 -12.07875186 1 0 0 0 0 0 5.381872214 0 1 1 1 0 1 0 0
1 12.92124814 1 1 0 0 0 0 3.381872214 1 1 1 1 1 1 0 0
0 -32.07875186 1 0 0 0 0 0 -7.618127786 0 1 0 1 1 1 0 0
0 -31.07875186 0 0 0 0 0 0 -17.61812779 0 0 0 1 1 1 0 0
0 -33.07875186 1 0 0 0 0 0 -10.61812779 0 0 0 1 0 0 0 0
0 -26.07875186 1 0 0 0 0 0 -3.618127786 0 1 0 0 0 1 0 0
1 39.92124814 0 0 0 0 0 0 -8.618127786 0 0 0 1 1 1 1 0
1 33.92124814 1 1 0 0 0 0 -17.61812779 0 1 1 1 1 1 0 0
1 24.92124814 1 1 0 1 0 0 -11.61812779 1 0 0 0 1 1 1 1
0 0.921248143 1 1 0 0 0 0 5.381872214 1 0 1 0 0 1 0 1
0 18.92124814 0 1 0 0 0 0 8.381872214 1 0 0 1 1 1 0 0
0 -7.078751857 1 0 0 1 0 0 -16.61812779 0 0 0 0 0 1 0 0
0 11.92124814 0 0 0 0 0 0 6.381872214 0 1 0 1 0 1 0 0
0 6.921248143 1 1 0 0 0 0 40.38187221 0 0 1 0 1 1 0 0
0 -27.07875186 0 0 0 0 0 0 -17.61812779 0 1 0 1 1 1 0 0
0 -16.07875186 0 0 0 1 0 0 -9.618127786 0 0 1 1 1 1 0 1
0 14.92124814 0 0 1 1 0 0 -12.61812779 0 0 0 1 1 1 0 0
0 -25.07875186 1 0 0 0 0 0 -9.618127786 0 1 1 1 0 1 0 0
1 34.92124814 1 1 0 0 0 0 8.381872214 1 0 1 1 1 1 0 0
0 -8.078751857 0 0 0 0 0 0 1.381872214 0 0 0 1 1 1 0 0
0 -5.078751857 0 0 1 1 0 0 -17.61812779 0 0 0 0 1 1 0 0
0 -17.07875186 0 0 0 0 0 0 6.381872214 0 0 0 1 1 1 0 0
1 39.92124814 1 1 0 0 0 0 5.381872214 0 0 1 1 1 1 0 0
0 19.92124814 0 1 0 1 0 0 -6.618127786 1 0 1 1 1 1 0 0
0 -25.07875186 1 0 0 0 0 0 -3.618127786 0 1 0 1 0 1 0 0
0 -5.078751857 0 1 1 0 0 0 20.38187221 1 0 1 1 1 1 0 0
0 -15.07875186 0 0 0 0 0 0 12.38187221 0 0 0 1 1 1 0 1
0 -9.078751857 0 0 1 1 0 0 10.38187221 0 0 1 0 1 1 0 0
0 -28.07875186 1 0 0 0 0 0 -1.618127786 0 0 0 1 1 1 0 0
1 39.92124814 1 0 1 1 0 0 -14.61812779 0 1 1 1 1 1 0 0
1 24.92124814 0 1 0 1 0 0 -2.618127786 0 1 1 1 1 1 0 0
0 -23.07875186 0 0 0 0 0 0 3.381872214 0 1 0 1 0 1 0 0
0 27.92124814 1 0 0 0 0 0 6.381872214 0 1 0 1 1 0 0 0
0 13.92124814 1 1 0 1 0 0 11.38187221 1 0 0 0 0 1 1 0
0 -27.07875186 0 1 0 0 0 0 -14.61812779 1 1 0 0 0 0 0 0
0 -12.07875186 0 0 1 0 0 0 -15.61812779 0 0 0 0 1 1 0 0
1 36.92124814 0 0 0 0 0 0 6.381872214 0 0 0 1 1 1 1 0
0 11.92124814 0 0 0 0 0 0 9.381872214 0 0 0 0 0 1 0 0
0 12.92124814 0 1 0 0 0 0 -6.618127786 1 0 0 0 1 1 0 0
0 -2.078751857 0 0 1 0 1 0 8.381872214 0 0 0 0 1 1 0 0
1 39.92124814 1 1 0 1 0 0 11.38187221 0 0 1 1 1 1 0 0
0 -28.07875186 1 0 0 0 0 0 -4.618127786 0 0 0 1 1 1 0 0
0 -24.07875186 1 0 1 0 0 0 3.381872214 0 0 0 1 0 1 0 0
0 14.92124814 1 1 0 1 0 0 -1.618127786 1 1 1 1 1 1 0 0
0 -27.07875186 1 0 0 0 0 0 -10.61812779 0 1 0 1 1 1 0 0
0 6.921248143 0 1 0 0 0 0 11.38187221 1 0 1 1 1 1 0 0
1 33.92124814 0 1 1 1 0 0 12.38187221 1 1 1 1 1 1 0 0
0 -14.07875186 1 0 0 1 0 0 -7.618127786 0 1 0 1 1 1 0 0
0 -23.07875186 1 0 0 0 0 0 1.381872214 0 1 0 1 1 0 0 0
1 39.92124814 0 1 1 0 0 0 4.381872214 1 1 1 1 1 1 0 0
0 -11.07875186 1 0 0 1 0 0 -1.618127786 0 0 0 0 1 1 0 0
0 34.92124814 0 0 0 1 0 0 -1.618127786 0 0 0 0 1 1 0 0
0 6.921248143 0 0 1 1 0 0 -14.61812779 0 0 0 0 1 1 0 0
0 -28.07875186 1 0 0 0 0 0 -13.61812779 0 0 0 0 0 1 0 1
1 39.92124814 0 1 1 0 0 0 15.38187221 0 1 1 1 1 1 1 0
0 -28.07875186 1 0 0 0 0 0 -1.618127786 0 1 0 1 1 1 0 0
0 39.92124814 0 1 1 1 0 0 -11.61812779 0 0 1 1 1 1 0 0
0 -31.07875186 1 0 0 0 0 0 2.381872214 0 0 0 1 1 1 0 0
1 39.92124814 1 0 1 1 0 0 3.381872214 0 0 1 1 1 1 0 0
0 4.921248143 1 0 0 1 0 0 -6.618127786 0 1 1 1 1 1 0 0
0 39.92124814 0 1 1 1 0 0 18.38187221 0 0 1 1 0 1 0 0
0 -1.078751857 1 0 0 0 0 0 -11.61812779 0 1 0 0 0 1 1 0
1 31.92124814 0 1 1 1 0 0 11.38187221 1 0 1 1 1 1 0 0
0 14.92124814 1 1 0 1 0 0 6.381872214 1 0 1 1 1 1 0 1
0 -27.07875186 1 1 0 0 0 0 11.38187221 1 0 1 1 0 0 0 0
0 -9.078751857 1 0 1 1 0 0 -15.61812779 0 0 0 1 1 1 0 1
0 14.92124814 0 0 1 1 0 0 -14.61812779 0 1 0 1 0 1 0 0
0 6.921248143 0 0 0 0 0 0 1.381872214 0 1 0 1 1 1 0 0
0 -24.07875186 0 0 0 0 0 0 -7.618127786 0 0 0 1 1 1 0 0
0 -12.07875186 1 0 1 1 0 0 -15.61812779 0 0 0 0 1 1 0 0
0 -19.07875186 1 0 1 0 0 0 2.381872214 0 0 0 0 1 1 0 0
0 -31.07875186 1 0 0 0 0 0 -0.618127786 0 1 0 1 1 1 0 0
0 -1.078751857 1 1 0 0 0 0 18.38187221 0 1 1 1 1 1 0 0
1 39.92124814 1 1 0 0 0 0 5.381872214 1 0 0 1 1 1 0 0
1 39.92124814 1 0 0 1 0 0 1.381872214 0 0 0 1 0 1 0 0
1 39.92124814 0 1 1 1 0 0 -7.618127786 1 0 1 1 1 1 0 0
0 -20.07875186 1 0 0 0 0 0 -13.61812779 0 0 0 1 0 1 0 0
0 23.92124814 1 0 1 1 0 0 -17.61812779 0 0 1 1 1 1 0 0
1 33.92124814 1 1 1 1 0 0 16.38187221 1 1 1 1 1 1 1 0
0 4.921248143 0 1 0 0 0 0 1.381872214 1 0 0 1 1 1 0 0
0 -18.07875186 1 0 0 0 0 0 5.381872214 0 1 1 1 1 1 0 1
0 17.92124814 1 1 1 1 0 0 -5.618127786 1 0 1 1 1 1 0 0
0 2.921248143 0 0 1 1 0 0 -15.61812779 0 0 0 0 1 1 0 0
0 -13.07875186 0 0 0 0 0 0 -2.618127786 1 0 0 0 1 1 0 0
1 39.92124814 1 0 0 0 0 0 4.381872214 0 0 0 1 1 0 0 0
0 -23.07875186 1 1 0 1 0 0 -10.61812779 0 0 0 1 0 1 0 0
1 39.92124814 0 1 1 1 0 0 -2.618127786 0 0 1 1 1 1 0 0
0 24.92124814 0 0 0 1 0 0 18.38187221 1 0 0 0 1 1 0 0
0 19.92124814 0 0 1 1 0 0 -14.61812779 0 0 0 0 1 1 0 0
0 39.92124814 0 1 1 0 0 0 18.38187221 1 0 1 1 1 1 0 0
0 5.921248143 1 0 1 1 0 0 14.38187221 0 0 0 0 0 1 1 0
0 -31.07875186 0 0 0 0 0 0 -17.61812779 0 0 0 0 1 1 0 0
1 19.92124814 0 1 1 0 0 0 14.38187221 0 1 1 1 0 1 0 0
0 -27.07875186 1 1 0 0 0 0 -7.618127786 1 1 0 1 0 0 0 0
1 39.92124814 1 1 0 1 0 0 -10.61812779 1 0 1 1 1 1 0 0
0 3.921248143 1 1 0 0 0 0 -17.61812779 0 0 0 0 1 1 0 0
0 -11.07875186 1 0 0 1 0 0 -14.61812779 0 0 0 0 1 1 0 0
0 -13.07875186 0 0 0 0 0 0 27.38187221 0 0 0 1 1 1 0 0
0 4.921248143 0 0 0 0 0 0 -11.61812779 0 0 0 0 0 1 0 0
1 39.92124814 0 0 0 0 0 0 -8.618127786 0 0 0 1 1 1 1 0
1 33.92124814 1 1 0 0 0 0 -17.61812779 0 1 1 1 1 1 0 0
1 24.92124814 1 1 0 1 0 0 -11.61812779 1 0 0 0 1 1 1 1
0 -16.07875186 1 0 0 0 0 0 1.381872214 0 1 0 0 0 1 0 0
0 -20.07875186 0 0 0 1 0 0 2.381872214 0 1 0 0 1 1 1 0
0 -31.07875186 1 0 0 0 0 0 -5.618127786 0 1 0 1 0 1 0 0
0 -24.07875186 0 0 0 0 0 0 -13.61812779 0 0 0 1 1 1 0 0
0 -5.078751857 0 0 1 0 0 0 -8.618127786 0 0 0 0 1 1 0 0
0 -20.07875186 1 0 0 0 0 0 23.38187221 0 0 0 1 1 1 0 0
0 -2.078751857 0 1 1 0 0 0 -14.61812779 0 1 0 1 1 1 0 0
0 9.921248143 0 0 1 1 0 0 -13.61812779 0 0 0 0 1 1 0 0
0 0.921248143 1 0 0 1 0 0 -11.61812779 0 0 0 1 1 1 0 0
0 -24.07875186 1 0 0 0 1 0 40.38187221 0 1 0 1 0 1 0 0
0 -34.07875186 0 0 0 0 0 0 -2.618127786 0 1 0 1 0 1 0 0
1 -0.078751857 1 1 0 0 0 0 -2.618127786 1 1 1 1 1 1 1 0
0 -22.07875186 0 0 0 0 0 0 -14.61812779 0 0 0 0 1 1 0 0
0 -0.078751857 1 1 1 1 0 0 -17.61812779 1 0 0 0 1 1 0 0
0 -6.078751857 1 0 0 0 0 0 -14.61812779 0 0 0 0 0 1 0 0
0 13.92124814 1 0 1 1 0 0 27.38187221 0 0 1 1 1 1 1 1
0 -17.07875186 1 0 0 1 0 0 -9.618127786 0 1 0 1 0 0 0 0
0 3.921248143 1 0 0 1 0 0 -13.61812779 0 0 1 1 1 1 0 0
0 -0.078751857 0 0 0 0 0 0 -8.618127786 0 0 0 0 1 1 0 0
1 31.92124814 0 1 1 0 0 0 38.38187221 1 0 1 0 1 1 0 1
0 -26.07875186 1 0 0 0 0 0 -16.61812779 0 1 0 1 0 1 0 0
0 -25.07875186 1 0 0 0 0 0 -8.618127786 0 1 0 1 1 1 0 1
0 -33.07875186 1 0 0 0 0 0 -8.618127786 0 0 0 1 1 1 0 0
0 -10.07875186 0 0 0 0 0 0 -5.618127786 0 0 0 0 1 1 0 0
0 -14.07875186 0 1 0 0 0 0 -14.61812779 1 0 0 0 0 1 0 0
0 1.921248143 0 0 1 1 0 0 10.38187221 0 0 0 0 1 1 0 0
1 6.921248143 1 1 1 1 0 0 36.38187221 0 0 1 1 1 1 0 0
1 39.92124814 1 1 1 0 0 0 -11.61812779 0 1 1 0 1 1 0 0
0 -23.07875186 0 1 1 0 0 0 -13.61812779 1 1 0 0 0 0 0 0
0 -15.07875186 0 0 0 1 0 0 -15.61812779 0 0 0 0 1 1 0 0
0 -35.07875186 1 0 0 0 0 0 -1.618127786 0 1 0 0 0 1 0 1
1 39.92124814 1 1 0 0 0 0 13.38187221 1 0 1 1 1 1 0 1
1 39.92124814 0 0 0 1 0 0 -15.61812779 0 0 0 1 1 1 0 0
0 0.921248143 0 1 0 0 1 0 22.38187221 0 0 1 1 0 1 0 0
0 -30.07875186 1 0 0 0 0 0 -4.618127786 0 0 1 1 0 1 0 0
0 16.92124814 1 0 1 0 0 0 -16.61812779 0 0 0 0 1 1 0 0
0 29.92124814 0 0 0 0 0 0 -0.618127786 0 1 0 1 0 0 0 0
0 1.921248143 0 0 1 0 0 0 -12.61812779 0 0 0 1 1 1 0 0
0 19.92124814 1 1 1 1 0 0 -9.618127786 1 1 1 1 0 1 0 0
0 7.921248143 0 0 0 0 0 0 1.381872214 0 1 0 1 0 0 0 0
0 9.921248143 1 0 1 1 0 0 -10.61812779 0 0 1 1 1 1 0 0
0 -8.078751857 1 0 1 0 1 0 -8.618127786 0 0 0 0 1 1 0 0
0 -33.07875186 0 0 0 0 0 0 0.381872214 0 1 0 1 1 1 0 0
0 -27.07875186 0 0 0 0 0 0 -2.618127786 0 1 0 1 1 1 1 0
0 -29.07875186 0 0 0 0 0 0 -2.618127786 0 0 0 1 1 1 0 0
0 -29.07875186 1 1 0 0 0 0 -16.61812779 1 0 1 1 0 1 0 0
1 39.92124814 0 0 0 0 0 0 -12.61812779 0 1 0 1 1 0 0 0
0 -13.07875186 1 1 0 1 0 0 -11.61812779 0 0 1 0 1 1 0 0
1 30.92124814 0 0 0 0 0 0 47.38187221 0 0 1 1 1 1 0 0
0 18.92124814 0 0 0 1 0 0 -2.618127786 0 0 1 1 1 1 0 0
1 28.92124814 0 1 0 1 0 0 19.38187221 0 1 1 1 1 1 0 0
0 -35.07875186 1 0 0 0 0 0 -0.618127786 0 1 0 1 1 1 0 0
0 29.92124814 0 0 1 0 1 0 11.38187221 0 0 1 1 1 1 0 0
1 39.92124814 1 0 0 0 0 0 -12.61812779 0 0 0 1 1 1 0 0
1 22.92124814 0 1 0 0 0 0 -4.618127786 1 0 1 1 1 1 0 0
0 5.921248143 1 1 0 1 0 0 -0.618127786 1 1 1 1 1 1 0 0
0 18.92124814 0 0 0 0 0 0 -0.618127786 0 0 1 1 0 1 0 0
0 3.921248143 0 1 0 0 1 0 4.381872214 0 0 1 1 0 1 0 0
0 -29.07875186 1 0 0 0 0 0 -3.618127786 0 1 0 1 0 0 0 0
0 -15.07875186 1 1 0 0 0 0 7.381872214 1 1 0 1 0 1 0 0
0 -30.07875186 0 0 0 0 0 0 -1.618127786 0 1 0 1 1 0 0 0
0 -7.078751857 1 1 0 1 0 0 3.381872214 1 0 1 1 1 1 0 0
0 8.921248143 0 1 1 0 1 0 -5.618127786 0 1 1 1 1 1 0 1
1 34.92124814 1 1 0 1 0 0 -8.618127786 1 0 1 1 0 1 0 0
1 -0.078751857 1 1 0 1 0 0 10.38187221 1 1 0 0 0 1 1 0
0 -17.07875186 1 0 0 0 0 0 -6.618127786 0 0 0 1 1 1 0 1
0 -1.078751857 0 0 1 0 0 0 21.38187221 0 0 1 1 0 1 0 1
0 -18.07875186 1 0 0 0 0 0 -7.618127786 0 0 0 0 1 1 0 0
0 22.92124814 0 0 1 1 0 0 -14.61812779 0 0 0 0 1 1 0 0
0 34.92124814 1 1 0 0 0 0 -5.618127786 1 0 1 1 0 1 0 1
0 18.92124814 0 0 0 1 0 0 -16.61812779 0 0 0 0 1 1 0 0
0 13.92124814 0 0 0 1 0 0 -14.61812779 0 0 0 1 1 1 0 0
0 -30.07875186 1 0 0 0 0 0 -15.61812779 1 0 0 1 0 1 0 0
0 -18.07875186 0 0 1 0 0 0 -12.61812779 0 0 0 1 1 1 0 0
1 28.92124814 0 1 1 0 1 0 54.38187221 0 0 1 1 1 1 0 0
0 -2.078751857 1 1 0 1 0 0 6.381872214 0 1 1 1 1 1 1 0
0 -11.07875186 1 0 0 1 0 0 -8.618127786 0 1 0 0 1 1 0 0
0 13.92124814 0 0 0 0 0 0 -5.618127786 0 0 0 1 1 1 0 0
0 -34.07875186 1 0 0 0 0 0 -17.61812779 0 1 0 0 1 1 0 0
0 -18.07875186 1 0 0 1 0 0 17.38187221 0 1 0 1 1 1 0 0
0 -2.078751857 0 1 0 0 0 0 16.38187221 1 1 0 0 1 1 0 0
0 14.92124814 1 1 0 0 0 0 -11.61812779 1 0 1 1 1 1 0 0
0 22.92124814 1 0 1 0 1 0 -17.61812779 0 0 1 0 1 1 0 0
0 -17.07875186 1 0 0 1 0 0 10.38187221 0 1 0 0 0 1 0 0
0 -31.07875186 1 0 0 0 0 0 3.381872214 0 1 0 1 0 1 0 0
1 13.92124814 1 1 0 0 1 0 -0.618127786 0 0 1 0 1 1 0 0
0 8.921248143 0 0 1 1 0 0 -13.61812779 0 0 1 0 1 1 0 0
0 -27.07875186 0 0 0 0 0 1 5.381872214 0 0 0 0 1 1 0 0
0 16.92124814 1 0 0 1 0 0 0.381872214 0 0 1 1 0 1 0 0
0 20.92124814 1 0 0 0 0 0 2.381872214 0 0 0 0 1 1 0 0
0 -10.07875186 0 0 0 0 0 1 -1.618127786 0 0 1 1 0 1 1 0
0 -5.078751857 1 1 0 0 0 0 14.38187221 1 1 0 1 1 1 0 0
0 24.92124814 1 0 0 0 0 0 5.381872214 0 1 0 1 1 1 0 0
0 -0.078751857 1 0 0 0 0 0 7.381872214 0 0 0 0 1 1 0 1
1 39.92124814 0 1 1 0 1 0 20.38187221 0 0 1 1 1 1 0 0
0 13.92124814 1 1 0 1 0 0 2.381872214 1 1 1 1 0 1 0 0
0 -27.07875186 1 0 0 0 0 0 -15.61812779 0 0 0 0 0 1 0 0
0 -20.07875186 1 0 1 0 0 0 15.38187221 0 0 0 1 1 1 0 0
0 -16.07875186 1 0 0 0 0 0 16.38187221 0 1 0 1 0 1 0 0
0 -28.07875186 0 0 0 0 0 0 -10.61812779 0 1 0 1 1 0 0 0
1 25.92124814 1 1 0 0 0 0 -2.618127786 0 1 1 1 1 1 0 0
1 39.92124814 1 1 0 0 0 0 5.381872214 1 0 1 1 1 1 0 0
1 39.92124814 1 1 0 0 0 0 16.38187221 0 1 1 1 1 1 1 0
1 23.92124814 1 0 0 1 0 0 7.381872214 0 0 1 1 1 1 0 0
0 -23.07875186 1 1 1 1 0 0 -10.61812779 1 1 1 1 0 1 0 0
0 -35.07875186 1 0 0 0 1 0 1.381872214 0 0 0 0 1 1 0 0
0 -9.078751857 1 0 0 1 0 0 34.38187221 0 0 1 1 1 1 0 0
0 -9.078751857 0 0 0 0 0 0 -0.618127786 0 1 0 1 0 1 0 0
0 -35.07875186 1 0 0 0 0 0 0.381872214 0 1 0 1 1 1 0 0
1 33.92124814 1 1 0 0 0 0 -14.61812779 0 1 1 1 1 1 0 0
1 29.92124814 1 1 1 1 0 0 -16.61812779 1 0 0 1 1 1 0 0
0 -28.07875186 0 0 0 0 0 0 -9.618127786 0 0 1 1 1 1 0 0
0 26.92124814 1 1 1 1 0 0 2.381872214 1 1 0 1 1 1 0 0
0 21.92124814 0 1 0 1 0 0 0.381872214 1 0 1 1 0 1 0 0
0 -30.07875186 1 0 0 0 0 0 -16.61812779 0 0 0 1 1 1 0 0
0 20.92124814 1 1 1 0 0 0 25.38187221 0 0 1 1 0 1 0 0
0 31.92124814 1 0 0 0 0 0 -7.618127786 0 1 0 1 0 0 0 0
0 -8.078751857 0 0 0 0 0 0 1.381872214 0 1 0 1 1 1 0 0
0 4.921248143 0 0 0 1 0 0 -16.61812779 0 1 1 1 1 1 0 0
0 10.92124814 1 0 0 0 0 0 -5.618127786 0 0 1 1 1 1 0 0
0 8.921248143 0 0 1 1 0 0 30.38187221 0 0 0 0 1 1 0 0
0 -18.07875186 1 1 0 0 0 0 -16.61812779 0 0 0 0 0 0 0 1
0 34.92124814 1 0 1 1 0 0 -17.61812779 0 0 0 1 1 1 0 0
0 -13.07875186 1 0 0 0 0 0 -4.618127786 0 0 0 0 1 1 1 0
0 3.921248143 0 0 1 1 0 0 -7.618127786 0 0 0 0 0 1 0 0
0 -27.07875186 0 0 0 0 0 0 -1.618127786 0 1 0 1 1 1 0 1
0 -5.078751857 1 1 1 1 0 0 -3.618127786 1 1 1 1 1 1 0 0
0 -12.07875186 0 0 0 0 0 1 1.381872214 0 0 1 1 0 1 0 0
0 -3.078751857 1 0 0 1 0 0 22.38187221 0 0 0 0 1 1 0 0
1 39.92124814 1 0 0 1 0 0 1.381872214 0 1 1 1 1 1 1 0
0 -22.07875186 0 1 0 1 0 0 1.381872214 1 0 0 0 0 1 0 0
0 -18.07875186 0 0 0 0 0 0 0.381872214 0 0 0 1 0 1 0 0
0 -22.07875186 1 1 0 1 0 0 -5.618127786 0 0 1 1 1 1 0 0
1 33.92124814 1 0 0 0 0 0 -4.618127786 0 0 0 0 1 1 0 0
0 -21.07875186 0 0 0 1 0 0 4.381872214 0 0 0 1 0 1 0 0
1 39.92124814 1 1 1 0 0 0 -0.618127786 0 0 1 1 1 1 0 0
0 -12.07875186 1 0 1 0 0 0 -0.618127786 0 0 1 1 0 1 0 0
0 10.92124814 1 1 1 0 1 0 50.38187221 0 0 1 1 1 1 0 0
0 -33.07875186 1 0 0 0 0 0 -5.618127786 0 1 0 1 0 1 0 0
0 1.921248143 1 1 0 0 0 0 -2.618127786 0 1 1 1 1 1 0 0
0 -21.07875186 1 1 0 0 0 0 10.38187221 0 0 0 0 0 1 0 0
0 -27.07875186 0 0 0 0 0 0 -3.618127786 0 1 0 1 0 1 0 0
0 -8.078751857 0 0 0 1 0 0 -13.61812779 0 0 0 1 0 0 1 0
0 -30.07875186 0 1 0 0 0 1 14.38187221 0 1 1 1 0 0 0 0
0 -29.07875186 1 0 0 0 0 0 -0.618127786 0 1 0 0 1 1 0 0
0 8.921248143 1 0 1 0 0 0 -17.61812779 0 1 0 1 1 1 0 0
0 -21.07875186 0 0 0 0 0 0 1.381872214 1 0 0 1 0 1 0 0
0 13.92124814 1 0 0 0 0 0 2.381872214 0 1 0 0 0 0 0 0
1 39.92124814 1 0 1 0 0 1 5.381872214 0 1 0 1 1 1 0 0
0 -28.07875186 0 0 0 0 0 0 -3.618127786 0 1 0 1 0 1 0 0
0 25.92124814 0 1 1 1 0 0 24.38187221 0 0 1 1 0 1 0 1
0 6.921248143 0 1 0 0 0 0 39.38187221 0 0 1 1 1 1 0 0
0 -5.078751857 1 1 0 1 0 0 1.381872214 1 1 0 0 1 1 0 1
1 23.92124814 1 1 0 0 0 0 17.38187221 0 1 1 1 1 1 0 0
0 2.921248143 0 0 1 1 0 0 -14.61812779 0 0 0 0 1 1 0 1
0 -22.07875186 0 0 0 0 0 0 5.381872214 0 0 0 0 0 1 0 0
1 39.92124814 0 0 0 0 0 0 -8.618127786 0 0 0 1 1 1 1 0
1 33.92124814 1 1 0 0 0 0 -17.61812779 0 1 1 1 1 1 0 0
1 24.92124814 1 1 0 1 0 0 -11.61812779 1 0 0 0 1 1 1 1
0 9.921248143 1 0 0 0 0 0 -2.618127786 0 1 1 1 1 1 0 0
0 -32.07875186 0 0 0 0 0 0 -3.618127786 0 1 0 1 0 1 0 0
0 5.921248143 1 0 0 0 0 0 -1.618127786 0 1 0 1 1 1 0 0
0 -2.078751857 1 0 0 0 0 0 -13.61812779 0 1 0 1 1 1 0 0
1 39.92124814 0 1 1 1 0 0 -4.618127786 0 1 1 1 0 1 0 0
0 -30.07875186 0 0 0 0 0 0 -10.61812779 0 1 0 1 1 1 0 0
0 -15.07875186 0 0 0 0 0 0 0.381872214 0 0 0 1 0 1 0 0
0 -12.07875186 1 1 0 0 0 0 9.381872214 1 1 0 0 0 1 0 0
0 -11.07875186 0 0 0 1 0 0 -12.61812779 0 0 0 0 1 1 0 0
0 -5.078751857 0 1 0 0 0 0 -4.618127786 1 0 0 0 1 1 0 0
0 -17.07875186 1 1 0 0 0 0 -13.61812779 1 1 0 0 0 1 0 0
0 -16.07875186 0 0 0 0 0 0 10.38187221 0 0 0 0 1 1 0 0
0 -8.078751857 1 0 0 0 0 0 0.381872214 0 0 0 1 1 1 0 0
0 -25.07875186 0 0 1 1 0 0 -10.61812779 0 1 0 1 0 0 0 0
0 10.92124814 0 0 1 1 0 0 -14.61812779 0 0 0 0 1 1 0 1
0 -8.078751857 1 0 0 1 0 0 -9.618127786 0 0 0 0 1 1 0 0
0 -6.078751857 0 1 0 0 1 0 1.381872214 0 0 1 1 1 1 0 0
0 -0.078751857 1 1 0 0 0 0 7.381872214 0 1 0 0 1 1 0 0
1 39.92124814 1 1 0 0 0 0 6.381872214 1 0 1 1 0 1 1 0
0 1.921248143 1 0 1 1 0 0 -6.618127786 0 0 0 0 1 1 0 0
0 -7.078751857 1 0 0 0 1 0 -3.618127786 0 0 1 1 1 1 0 0
1 31.92124814 1 0 0 1 0 0 5.381872214 0 0 0 1 1 1 0 0
1 39.92124814 0 1 1 1 0 0 7.381872214 1 1 1 1 0 1 0 0
0 -27.07875186 1 0 0 0 0 0 2.381872214 0 1 0 1 1 1 0 0
1 37.92124814 0 1 0 1 0 0 4.381872214 1 1 1 1 0 1 0 0
0 -13.07875186 1 0 0 0 0 0 23.38187221 0 0 0 0 1 1 0 0
0 -11.07875186 0 0 0 0 0 0 -15.61812779 0 0 0 0 1 1 0 0
0 -7.078751857 1 0 1 1 0 0 -7.618127786 0 0 0 0 1 1 0 0
1 39.92124814 1 0 0 0 0 0 -12.61812779 0 0 0 1 1 1 0 0
0 -21.07875186 0 0 1 1 0 0 -7.618127786 0 0 0 0 1 1 0 0
0 11.92124814 0 0 0 0 0 0 -7.618127786 0 0 0 1 1 1 0 0
0 -27.07875186 1 0 0 0 0 0 1.381872214 0 0 0 1 0 1 0 0
0 -20.07875186 0 0 0 0 0 0 -8.618127786 0 0 0 0 1 1 0 0
0 -25.07875186 1 0 0 0 0 0 5.381872214 0 0 0 0 0 1 0 0
1 39.92124814 0 1 0 1 0 0 -9.618127786 1 1 0 1 1 1 0 0
0 36.92124814 0 0 1 0 1 0 36.38187221 0 0 1 1 1 1 0 0
0 -2.078751857 0 0 0 0 0 0 -3.618127786 0 1 0 1 0 1 0 0
0 22.92124814 0 1 1 1 0 0 -8.618127786 1 1 1 1 1 1 0 0
1 13.92124814 1 1 0 0 0 0 -2.618127786 0 1 1 1 1 1 0 0
0 -8.078751857 1 1 0 0 1 0 10.38187221 0 0 1 1 1 1 0 0
0 -31.07875186 1 0 0 0 0 0 2.381872214 0 1 0 1 1 1 0 0
0 4.921248143 1 0 1 1 0 0 -5.618127786 0 0 1 1 1 1 0 0
0 39.92124814 1 1 1 0 0 0 -14.61812779 0 0 1 1 1 1 0 0
0 -8.078751857 1 0 0 0 0 0 -5.618127786 0 1 1 1 1 1 0 0
0 -13.07875186 0 0 0 1 0 0 -9.618127786 0 1 1 1 0 1 0 0
0 -27.07875186 1 1 0 0 0 0 0.381872214 0 0 1 1 1 0 0 0
1 39.92124814 1 1 1 0 1 0 -10.61812779 0 0 1 1 1 1 0 0
0 -14.07875186 0 1 0 0 0 0 2.381872214 0 0 0 0 0 1 0 0
0 -8.078751857 1 0 0 0 0 0 -11.61812779 0 1 1 1 1 1 0 0
0 -32.07875186 1 0 0 0 0 0 -6.618127786 0 1 0 1 0 1 0 0
1 39.92124814 1 1 0 1 0 0 34.38187221 0 0 1 1 1 1 0 0
1 15.92124814 1 1 0 1 0 0 -7.618127786 1 1 1 1 1 1 0 0
0 -24.07875186 0 1 0 0 0 1 -6.618127786 0 1 0 0 0 1 0 0
