8.105716 -15.974609 21.756340 2.737968 1.000000
0.168462 -14.353465 1.729484 1.824244 0.000000
15.416121 -18.192694 16.328930 4.048280 1.000000
0.734886 -36.500137 7.044282 0.287790 0.000000
16.110722 -26.260565 2.636799 2.667928 0.000000
7.965941 -17.395550 6.764122 1.375622 0.000000
19.887081 -13.402509 0.258187 4.140294 1.000000
11.358379 -3.962523 21.531113 1.661428 1.000000
5.125278 -5.742362 3.504746 4.765770 1.000000
13.820612 -27.657095 20.531326 1.572161 1.000000
6.468703 -36.827293 23.729362 0.450148 0.000000
5.500656 -21.499680 18.173773 2.048097 1.000000
14.900967 -27.162695 0.379040 1.176946 0.000000
10.112003 -22.114933 9.518113 1.827601 0.000000
10.323191 -28.744776 0.800195 1.104923 0.000000
3.764153 -16.753441 14.461196 0.358287 1.000000
6.634724 -34.588459 18.793604 4.291207 0.000000
6.289254 -35.328224 20.659506 1.330912 0.000000
9.307535 -33.262733 1.917173 1.038240 0.000000
5.070345 -7.442854 5.210425 1.840571 1.000000
5.468307 -28.417614 17.542953 4.867397 0.000000
11.370586 -24.429457 5.086825 2.171392 0.000000
6.473586 -23.317362 17.661060 0.115360 1.000000
9.160436 -6.368602 26.311228 1.206549 1.000000
2.989593 -10.372632 12.434156 0.158391 1.000000
16.446424 -14.132512 1.885128 2.463912 1.000000
12.569963 -5.671559 22.501602 1.258278 1.000000
19.097263 -6.407666 8.476211 0.755486 1.000000
19.732048 -8.509782 20.035097 2.036348 1.000000
17.175817 -1.729789 21.836910 4.473556 1.000000
8.538468 -5.920590 8.543047 3.570361 1.000000
3.762322 -5.514084 20.994598 3.499557 1.000000
7.672353 -22.208929 1.425520 0.117496 0.000000
16.288950 -22.090519 21.172215 2.740715 1.000000
8.017823 -13.480637 19.278847 0.461898 1.000000
0.358898 -31.724600 5.476852 1.288949 0.000000
12.735985 -7.177954 15.948973 4.887386 1.000000
6.086001 -12.660298 25.322428 2.206641 1.000000
19.842525 -6.602984 3.336284 2.774743 1.000000
16.911528 -8.147222 19.611195 2.936796 1.000000
17.289957 -20.455946 14.956511 0.825068 1.000000
10.938444 -38.467968 12.666707 1.337626 0.000000
10.540483 -17.362591 28.232979 1.907102 1.000000
14.761192 -17.972960 0.907315 2.343669 1.000000
2.648396 -5.406659 25.564135 4.529862 1.000000
9.787286 -37.114170 8.283944 0.250252 0.000000
6.835536 -36.663715 14.119694 2.939543 0.000000
11.072115 -9.470504 10.451064 1.623737 1.000000
11.572008 -16.725363 4.398327 2.843867 1.000000
18.643757 -3.781853 27.703787 3.836940 1.000000
18.149359 -39.240700 7.535020 2.758415 0.000000
1.329386 -20.984528 26.651815 4.228645 1.000000
10.763879 -5.433515 21.349833 0.979492 1.000000
13.088778 -16.232185 20.652180 4.889828 1.000000
19.094822 -8.651387 5.155492 3.182318 1.000000
1.836604 -5.938902 8.990753 3.072756 1.000000
13.375652 -3.880733 23.316446 0.642872 1.000000
10.774865 -19.802851 24.806971 2.226783 1.000000
11.982178 -2.286447 17.544785 4.086276 1.000000
12.218390 -17.837460 21.777399 3.658712 1.000000
1.501511 -30.744349 17.961365 3.158971 0.000000
13.924985 -12.408827 19.543444 3.816645 1.000000
9.317301 -16.364025 12.899258 1.526841 1.000000
17.920469 -35.259865 27.892391 2.201605 1.000000
8.683126 -36.031372 17.458723 2.597278 0.000000
11.830195 -29.545578 19.686270 4.902493 1.000000
16.302378 -10.928068 10.807215 0.867336 1.000000
12.706686 -26.863613 12.542192 3.755150 1.000000
2.405469 -6.074404 12.242805 3.896298 1.000000
3.354595 -9.283731 19.261452 1.128727 1.000000
13.331095 -14.852748 25.990784 4.902951 1.000000
1.163366 -16.384777 17.007355 0.335093 1.000000
6.599933 -28.539688 4.760888 0.988647 0.000000
19.431746 -17.277138 25.240944 1.664632 1.000000
18.496658 -30.838345 12.057863 1.984924 1.000000
1.196326 -27.641226 22.392651 4.045839 0.000000
4.143803 -37.413250 13.223365 4.926145 0.000000
5.563524 -31.753897 1.297342 2.330393 0.000000
10.085146 -20.414440 15.254982 4.146855 1.000000
6.532792 -29.523605 13.374432 0.203864 0.000000
19.359112 -38.015076 15.350200 2.004608 0.000000
4.325694 -8.518327 21.554918 3.720817 1.000000
9.078647 -8.938261 28.216499 0.228126 1.000000
9.217811 -1.001007 11.958982 0.464339 1.000000
0.510880 -11.992554 12.123783 1.889401 1.000000
17.861874 -25.957821 4.331492 4.331950 1.000000
1.654103 -30.597858 23.710136 4.000977 0.000000
2.117985 -36.126591 21.220739 0.944853 0.000000
2.314524 -22.321239 1.537217 0.739311 0.000000
10.385448 -30.033875 15.901363 3.684347 0.000000
1.685232 -33.405560 18.392590 2.292703 0.000000
1.422163 -9.023713 29.062471 0.350963 1.000000
8.426160 -38.303169 12.347178 4.333171 0.000000
10.682088 -19.288919 4.230781 0.449843 0.000000
13.239540 -24.202398 16.557817 3.113804 1.000000
9.136631 -38.901333 11.958067 3.101291 0.000000
13.949400 -0.567644 17.821283 1.192969 1.000000
14.606770 -29.843439 12.740868 0.575121 0.000000
13.080234 -13.660085 13.883480 3.780480 1.000000
15.588855 -35.040134 28.709066 2.452010 1.000000
